  1856         2018
 1856    0.231    0.165    0.236    0.155    0.207    0.230    0.243    0.220    0.287    0.137    0.148    0.242
 1857    0.227   -0.046   -0.062    0.020   -0.020    0.113    0.145    0.010    0.032   -0.121   -0.155   -0.270
 1858   -0.208   -0.301   -0.058    0.224    0.102   -0.027   -0.148   -0.058    0.083    0.161    0.288    0.135
 1859   -0.120   -0.108    0.072    0.162    0.099   -0.089   -0.168    0.075    0.092    0.140    0.072    0.094
 1860    0.127   -0.100    0.073   -0.057    0.181    0.315    0.241    0.051    0.007    0.122    0.004    0.153
 1861    0.013   -0.098    0.005    0.259    0.206    0.303    0.426    0.314    0.271    0.225    0.227    0.127
 1862   -0.016   -0.152   -0.062   -0.115   -0.170   -0.033   -0.282   -0.256   -0.245   -0.255   -0.341   -0.347
 1863   -0.136   -0.033    0.039    0.061    0.034   -0.031   -0.283   -0.289   -0.147   -0.223   -0.167   -0.105
 1864   -0.195   -0.345   -0.171   -0.025    0.083    0.126    0.272    0.358    0.205    0.136    0.197    0.199
 1865    0.198    0.258    0.171    0.068    0.036    0.206    0.128    0.048    0.292    0.258    0.223    0.223
 1866    0.056    0.183    0.218    0.136    0.180    0.356    0.286    0.264    0.153    0.145    0.272    0.281
 1867    0.316    0.288    0.391    0.300    0.162    0.093    0.112    0.075    0.007   -0.023    0.117   -0.048
 1868    0.066    0.136    0.207    0.266    0.192    0.331    0.411    0.208    0.151   -0.108   -0.051    0.127
 1869   -0.109    0.097    0.082    0.249    0.287    0.220    0.285    0.140    0.099   -0.001   -0.040   -0.082
 1870   -0.154    0.013   -0.038   -0.164   -0.025   -0.007   -0.036    0.104    0.155    0.161    0.178    0.113
 1871   -0.132   -0.114    0.134    0.183    0.147    0.136    0.176    0.062   -0.084   -0.143   -0.000    0.090
 1872   -0.066   -0.050   -0.081   -0.070    0.180    0.221    0.288    0.388    0.420    0.051   -0.030   -0.048
 1873    0.057    0.008    0.045    0.049   -0.045   -0.036    0.088    0.048    0.149    0.085    0.065    0.143
 1874    0.054   -0.109   -0.116   -0.087    0.019    0.166    0.103   -0.010    0.184   -0.037   -0.055   -0.287
 1875   -0.163    0.070    0.039    0.021    0.167    0.173    0.007    0.094    0.142    0.074   -0.056   -0.073
 1876   -0.202   -0.072   -0.087   -0.067   -0.068   -0.002    0.119    0.178    0.152   -0.051   -0.078   -0.013
 1877    0.010    0.161    0.245    0.150    0.260    0.329    0.305    0.368    0.268    0.238    0.306    0.325
 1878    0.247    0.340    0.350    0.649    0.530    0.633    0.426    0.592    0.554    0.324    0.378    0.476
 1879    0.328    0.384    0.025    0.042    0.251    0.181    0.089    0.021   -0.018    0.067    0.074    0.123
 1880    0.082    0.009    0.094   -0.032   -0.134   -0.006    0.123    0.107    0.260    0.235    0.153   -0.079
 1881    0.175    0.129    0.196    0.227    0.120    0.126    0.014    0.051   -0.017   -0.064   -0.299   -0.089
 1882   -0.125   -0.092   -0.027   -0.122   -0.124    0.006    0.067    0.076    0.048   -0.008    0.021    0.024
 1883   -0.040   -0.157   -0.145    0.035    0.041   -0.022   -0.036    0.026   -0.083   -0.105    0.002    0.143
 1884    0.041   -0.133   -0.100   -0.053   -0.038    0.146   -0.020    0.002   -0.141   -0.134   -0.330   -0.103
 1885   -0.055    0.057   -0.022   -0.238   -0.153   -0.119   -0.012    0.127    0.048    0.046    0.025    0.047
 1886    0.145    0.141    0.197    0.221    0.248    0.218    0.260    0.078    0.016   -0.004    0.001   -0.005
 1887   -0.084   -0.071   -0.008   -0.050    0.060    0.235    0.354    0.221    0.173    0.257    0.202    0.203
 1888    0.255    0.192    0.277    0.145    0.152    0.274    0.209    0.169    0.172    0.277    0.151    0.102
 1889    0.259    0.266    0.341    0.322    0.323    0.235    0.085    0.104    0.113    0.112    0.186    0.060
 1890    0.040    0.024   -0.030   -0.146   -0.138   -0.093   -0.246   -0.291   -0.250   -0.073   -0.262   -0.239
 1891   -0.266   -0.076    0.084    0.120    0.188    0.174    0.252    0.110    0.018    0.036   -0.228    0.029
 1892    0.072    0.133    0.106    0.014   -0.119   -0.136   -0.242   -0.096   -0.204   -0.172   -0.267   -0.167
 1893   -0.092   -0.044   -0.033   -0.145   -0.125    0.135    0.188    0.172    0.061   -0.049    0.033   -0.146
 1894   -0.138   -0.156   -0.176   -0.273   -0.348   -0.313   -0.216   -0.227   -0.215   -0.325   -0.302   -0.217
 1895   -0.105   -0.073   -0.252   -0.280   -0.196   -0.096   -0.062   -0.084    0.085    0.083   -0.098   -0.039
 1896   -0.056    0.043   -0.030    0.058    0.267    0.199    0.111    0.090    0.324    0.168    0.055    0.064
 1897    0.088    0.140    0.312    0.255    0.170    0.107    0.105    0.026    0.055    0.084   -0.006   -0.005
 1898   -0.008    0.065    0.115    0.069    0.097    0.217    0.224    0.147    0.113   -0.021   -0.122    0.007
 1899   -0.058   -0.044   -0.001    0.093    0.209    0.195    0.118    0.277    0.137    0.099    0.207    0.306
 1900    0.216    0.211    0.070    0.173    0.006    0.009    0.101    0.008    0.058    0.125    0.053    0.145
 1901    0.057    0.195    0.168    0.160    0.090    0.227    0.193    0.191    0.012   -0.099   -0.070   -0.057
 1902   -0.108   -0.024   -0.015   -0.141   -0.082   -0.243   -0.283   -0.163    0.007    0.024   -0.109   -0.078
 1903   -0.034    0.061   -0.051   -0.062   -0.137   -0.169   -0.156   -0.437   -0.449   -0.359   -0.232   -0.286
 1904   -0.345   -0.367   -0.373   -0.416   -0.391   -0.423   -0.331   -0.342   -0.472   -0.364   -0.193   -0.148
 1905   -0.220   -0.177   -0.354   -0.167   -0.058   -0.167   -0.049   -0.137   -0.351   -0.247   -0.263   -0.240
 1906   -0.067   -0.028   -0.048   -0.040   -0.155    0.012   -0.003   -0.060   -0.116   -0.137   -0.014   -0.221
 1907   -0.182   -0.345   -0.251   -0.157   -0.145   -0.250   -0.277   -0.312   -0.174   -0.216   -0.224   -0.187
 1908   -0.228   -0.230   -0.237   -0.206   -0.160   -0.061    0.027    0.011   -0.086   -0.118   -0.152   -0.119
 1909   -0.102   -0.140   -0.099   -0.146   -0.004   -0.126   -0.165   -0.081   -0.112   -0.149   -0.289   -0.232
 1910   -0.305   -0.249   -0.258   -0.308   -0.339   -0.359   -0.287   -0.257   -0.104   -0.188   -0.076   -0.240
 1911   -0.251   -0.251   -0.306   -0.318   -0.342   -0.237   -0.166   -0.063   -0.117   -0.112   -0.229   -0.171
 1912   -0.235   -0.258   -0.216   -0.167   -0.114   -0.149   -0.255   -0.393   -0.243   -0.249   -0.221   -0.234
 1913   -0.306   -0.211   -0.224   -0.440   -0.448   -0.565   -0.438   -0.434   -0.427   -0.381   -0.455   -0.326
 1914   -0.223   -0.318   -0.405   -0.384   -0.262   -0.377   -0.431   -0.370   -0.188   -0.113   -0.184   -0.227
 1915   -0.128   -0.116   -0.003    0.052    0.262    0.294    0.318    0.212    0.197    0.029   -0.006    0.011
 1916   -0.039   -0.099   -0.093   -0.118    0.020    0.029   -0.075   -0.016   -0.004   -0.074   -0.240   -0.208
 1917   -0.294   -0.350   -0.401   -0.305   -0.253   -0.151   -0.209   -0.191   -0.282   -0.341   -0.319   -0.259
 1918   -0.101   -0.175   -0.117   -0.178   -0.238   -0.419   -0.366   -0.390   -0.365   -0.258   -0.299   -0.224
 1919   -0.226   -0.059   -0.192   -0.056   -0.164   -0.222   -0.283   -0.190   -0.192   -0.142   -0.227   -0.290
 1920   -0.461   -0.403   -0.451   -0.334   -0.252   -0.281   -0.275   -0.302   -0.275   -0.267   -0.427   -0.302
 1921   -0.290   -0.273   -0.317   -0.263   -0.250   -0.247   -0.108   -0.246   -0.225   -0.054   -0.262   -0.120
 1922   -0.204   -0.241   -0.340   -0.409   -0.317   -0.330   -0.376   -0.308   -0.367   -0.286   -0.350   -0.323
 1923   -0.363   -0.460   -0.403   -0.429   -0.280   -0.313   -0.321   -0.425   -0.369   -0.264   -0.215   -0.060
 1924   -0.130   -0.198   -0.104   -0.057    0.046   -0.097   -0.125   -0.137   -0.204   -0.235   -0.315   -0.287
 1925   -0.325   -0.310   -0.238   -0.179   -0.077   -0.189   -0.144   -0.131   -0.119   -0.087   -0.172    0.046
 1926    0.034    0.107    0.047    0.109    0.125    0.068    0.141    0.052    0.041    0.176    0.026    0.089
 1927    0.080    0.076    0.039    0.067    0.191    0.153    0.154    0.157    0.104    0.172    0.136   -0.025
 1928   -0.047   -0.095   -0.094   -0.100    0.016    0.066    0.085    0.101    0.087    0.041   -0.052   -0.091
 1929   -0.088   -0.101   -0.090   -0.016   -0.111   -0.193   -0.180   -0.155   -0.065   -0.054   -0.114   -0.186
 1930   -0.124   -0.176   -0.095   -0.211   -0.111   -0.081    0.060    0.069    0.287    0.201    0.153    0.142
 1931    0.114    0.066    0.147    0.151    0.225    0.268    0.194    0.151    0.264    0.319    0.058    0.171
 1932    0.176    0.230    0.247    0.212    0.154    0.244    0.270    0.387    0.336    0.238    0.137    0.095
 1933    0.088    0.156    0.090    0.211    0.291    0.243    0.279    0.281    0.243    0.331    0.079    0.002
 1934   -0.112   -0.190   -0.211   -0.094   -0.112    0.033    0.171    0.080    0.142    0.170    0.017   -0.005
 1935    0.042   -0.135   -0.150    0.054    0.141    0.109    0.062    0.005   -0.037   -0.019    0.020    0.100
 1936    0.136    0.145    0.193    0.196    0.167    0.192    0.194    0.213    0.173    0.103    0.019    0.047
 1937    0.054    0.085    0.098    0.069    0.130    0.449    0.610    0.590    0.506    0.296    0.255    0.352
 1938    0.210    0.151    0.199    0.236    0.202    0.167    0.204    0.297    0.308    0.354    0.318    0.218
 1939    0.134    0.078   -0.033    0.094    0.104    0.176    0.324    0.322    0.299    0.009   -0.154   -0.080
 1940    0.061   -0.194   -0.145   -0.033    0.001    0.013    0.095    0.105    0.024   -0.050   -0.133   -0.139
 1941   -0.063    0.094    0.131    0.064    0.036   -0.020    0.087    0.278    0.304    0.415    0.392    0.326
 1942    0.135    0.198    0.192    0.204    0.208    0.259    0.100    0.145    0.223    0.202    0.196    0.091
 1943    0.129    0.096   -0.103   -0.136   -0.124   -0.076    0.016    0.016    0.076    0.080    0.143    0.228
 1944    0.301    0.318    0.423    0.315    0.292    0.347    0.362    0.444    0.418    0.367    0.273    0.274
 1945    0.260    0.350    0.366    0.412    0.310    0.175    0.085    0.108    0.086    0.103    0.186    0.139
 1946    0.278    0.192    0.133    0.063    0.091   -0.099   -0.203   -0.163   -0.016   -0.014   -0.063   -0.033
 1947   -0.172   -0.125   -0.089   -0.095   -0.153   -0.151   -0.155   -0.098   -0.049   -0.088    0.049    0.036
 1948   -0.013   -0.026    0.030   -0.068   -0.002    0.057   -0.038   -0.021   -0.051    0.009    0.136    0.064
 1949    0.155    0.162    0.040    0.101   -0.022    0.003    0.073    0.104    0.072    0.106    0.110    0.120
 1950    0.113   -0.031   -0.104   -0.128   -0.056   -0.040   -0.053    0.022    0.012   -0.088    0.082    0.090
 1951    0.105    0.000    0.014    0.171    0.175    0.291    0.424    0.306    0.251    0.261    0.177    0.177
 1952    0.174    0.185    0.232    0.193    0.183    0.385    0.374    0.406    0.364    0.356    0.252    0.342
 1953    0.267    0.187    0.143    0.315    0.344    0.277    0.346    0.260    0.282    0.150    0.246    0.260
 1954    0.229    0.097    0.103   -0.012    0.072    0.101   -0.043   -0.013   -0.009   -0.030   -0.025   -0.049
 1955    0.078    0.042    0.043    0.097    0.178    0.195    0.270    0.177    0.205    0.281    0.388    0.258
 1956    0.188    0.096    0.015    0.065   -0.056   -0.262   -0.088   -0.097   -0.087   -0.041   -0.085    0.020
 1957   -0.079   -0.105   -0.018   -0.072   -0.119   -0.011    0.042    0.204    0.222    0.151    0.086    0.081
 1958    0.050    0.190    0.346    0.348    0.203    0.223    0.166    0.162    0.214    0.153    0.187    0.221
 1959    0.101    0.116   -0.026   -0.003    0.008   -0.058   -0.030    0.013    0.126    0.114    0.052    0.111
 1960    0.178    0.218    0.089    0.098    0.303    0.320    0.272    0.336    0.212    0.297    0.251    0.139
 1961    0.061    0.082    0.149    0.228    0.194    0.033   -0.018    0.037    0.004    0.030    0.068    0.214
 1962    0.150    0.153    0.166    0.088    0.024   -0.071   -0.007   -0.063    0.005    0.066    0.047    0.191
 1963    0.158    0.167    0.134    0.104   -0.084   -0.046   -0.035   -0.073   -0.202   -0.071   -0.057   -0.060
 1964   -0.075    0.022    0.040   -0.146    0.041    0.004   -0.143   -0.234   -0.219   -0.271   -0.165   -0.121
 1965   -0.198   -0.177   -0.077   -0.097   -0.098   -0.126   -0.188   -0.210   -0.222   -0.248   -0.276   -0.123
 1966   -0.076    0.010   -0.010    0.044    0.001   -0.045   -0.056   -0.043    0.000    0.014    0.003    0.080
 1967    0.081    0.088   -0.034   -0.015   -0.187   -0.261   -0.230   -0.165   -0.097   -0.100   -0.234   -0.153
 1968   -0.247   -0.198   -0.209   -0.156   -0.124   -0.262   -0.230   -0.214   -0.150   -0.113   -0.108   -0.127
 1969   -0.063    0.104    0.207    0.149    0.010    0.028    0.093   -0.101   -0.107   -0.186   -0.124   -0.032
 1970   -0.011   -0.049    0.019    0.019   -0.047   -0.183   -0.201   -0.141   -0.138   -0.197   -0.241   -0.210
 1971   -0.246   -0.292   -0.310   -0.413   -0.327   -0.363   -0.350   -0.435   -0.366   -0.235   -0.243   -0.308
 1972   -0.318   -0.380   -0.439   -0.326   -0.469   -0.488   -0.375   -0.383   -0.302   -0.286   -0.277   -0.351
 1973   -0.374   -0.393   -0.344   -0.264   -0.169   -0.175   -0.103   -0.133   -0.131   -0.215   -0.209   -0.238
 1974   -0.275   -0.283   -0.401   -0.523   -0.499   -0.447   -0.514   -0.467   -0.505   -0.507   -0.425   -0.360
 1975   -0.272   -0.338   -0.309   -0.345   -0.387   -0.294   -0.271   -0.184   -0.335   -0.353   -0.340   -0.321
 1976   -0.384   -0.440   -0.493   -0.425   -0.487   -0.483   -0.306   -0.184   -0.192   -0.292   -0.415   -0.431
 1977   -0.388   -0.332   -0.182   -0.216   -0.169   -0.106   -0.105   -0.144   -0.231   -0.223   -0.142   -0.203
 1978   -0.105   -0.146   -0.157   -0.194   -0.203   -0.331   -0.275   -0.225   -0.188   -0.206   -0.118   -0.181
 1979   -0.191   -0.149   -0.226   -0.235   -0.116   -0.040   -0.092   -0.113   -0.108   -0.086   -0.083   -0.057
 1980    0.001   -0.076   -0.136    0.002    0.132    0.111    0.053    0.025   -0.006   -0.059   -0.195   -0.247
 1981   -0.175   -0.173    0.008   -0.088   -0.077   -0.055   -0.087   -0.108   -0.029   -0.179   -0.129    0.001
 1982   -0.074   -0.071   -0.073   -0.175   -0.184   -0.177   -0.221   -0.301   -0.300   -0.364   -0.410   -0.373
 1983   -0.291   -0.096    0.089    0.067   -0.041   -0.047   -0.008   -0.151   -0.208   -0.188   -0.151    0.005
 1984   -0.099   -0.080   -0.117   -0.150   -0.158   -0.317   -0.258   -0.218   -0.201   -0.336   -0.417   -0.310
 1985   -0.347   -0.322   -0.349   -0.393   -0.330   -0.121   -0.146   -0.274   -0.240   -0.238   -0.288   -0.329
 1986   -0.336   -0.268   -0.286   -0.317   -0.221   -0.254   -0.242   -0.265   -0.213   -0.311   -0.390   -0.364
 1987   -0.271   -0.210   -0.026    0.036    0.075    0.210    0.287    0.287    0.201    0.054   -0.063    0.050
 1988   -0.035   -0.110   -0.004    0.057    0.143    0.170    0.114   -0.004   -0.091   -0.167   -0.143   -0.160
 1989   -0.217   -0.153   -0.249   -0.286   -0.143    0.094    0.181    0.116   -0.091   -0.120   -0.146   -0.150
 1990   -0.295   -0.158   -0.175   -0.114   -0.055   -0.053   -0.019    0.056    0.150    0.116   -0.050   -0.033
 1991   -0.192   -0.114   -0.066   -0.130   -0.151   -0.127   -0.105   -0.106   -0.035   -0.260   -0.259   -0.212
 1992   -0.188   -0.092   -0.090   -0.182   -0.220   -0.149   -0.217   -0.379   -0.368   -0.298   -0.333   -0.283
 1993   -0.238   -0.185   -0.243   -0.172   -0.162   -0.180   -0.276   -0.227   -0.163   -0.242   -0.317   -0.292
 1994   -0.295   -0.308   -0.278   -0.199   -0.206   -0.221   -0.230   -0.235   -0.151   -0.059   -0.019   -0.090
 1995   -0.062   -0.039    0.017    0.076    0.272    0.364    0.314    0.183    0.054    0.102    0.127    0.042
 1996   -0.010   -0.032   -0.057    0.010   -0.065   -0.123   -0.105   -0.008   -0.002   -0.145   -0.174   -0.155
 1997   -0.091   -0.036    0.005    0.008    0.040    0.008    0.060    0.015    0.109    0.150    0.051    0.131
 1998    0.130    0.292    0.322    0.291    0.384    0.489    0.487    0.512    0.412    0.382    0.317    0.279
 1999    0.051    0.057    0.069    0.052    0.162    0.180    0.198    0.307    0.185    0.017   -0.049    0.015
 2000   -0.084   -0.038    0.104    0.042    0.105   -0.018    0.072    0.103    0.102   -0.040   -0.053   -0.127
 2001   -0.127   -0.027    0.015   -0.012   -0.009    0.198    0.135    0.178    0.286    0.251    0.156    0.214
 2002    0.182    0.165    0.145    0.027   -0.048   -0.117   -0.065    0.107    0.080    0.111    0.019    0.005
 2003    0.050   -0.012    0.113    0.079    0.151    0.205    0.276    0.415    0.452    0.426    0.223    0.224
 2004    0.211    0.209    0.158    0.108    0.006    0.178    0.228    0.317    0.241    0.242    0.221    0.187
 2005    0.111    0.126    0.284    0.292    0.293    0.327    0.447    0.440    0.419    0.238    0.140    0.216
 2006    0.124    0.075    0.060    0.198    0.309    0.333    0.375    0.401    0.364    0.334    0.289    0.172
 2007    0.171    0.217    0.127    0.159    0.112    0.089    0.129    0.055    0.098    0.158    0.177    0.111
 2008    0.031    0.129    0.159    0.043    0.173    0.256    0.206    0.175    0.199    0.103    0.001    0.019
 2009   -0.058   -0.164   -0.159   -0.130   -0.061    0.122    0.228    0.153    0.058    0.165    0.070    0.083
 2010    0.040    0.178    0.288    0.426    0.460    0.448    0.450    0.526    0.450    0.324    0.236    0.208
 2011    0.144    0.108    0.056    0.092    0.152    0.179    0.092    0.147    0.145    0.063   -0.070   -0.044
 2012   -0.065    0.005    0.026    0.080    0.164    0.300    0.375    0.431    0.449    0.330    0.165    0.141
 2013    0.128    0.116    0.158    0.137    0.101    0.047    0.190    0.195    0.255    0.347    0.128    0.037
 2014   -0.062   -0.042   -0.081   -0.094   -0.001    0.062    0.222    0.335    0.310    0.292    0.065    0.059
 2015   -0.008   -0.004   -0.129   -0.071    0.045    0.029    0.132    0.178    0.300    0.325    0.187    0.229
 2016    0.231    0.156    0.188    0.177    0.344    0.409    0.432    0.457    0.458    0.380    0.390    0.335
 2017    0.225    0.227    0.167    0.283    0.314    0.308    0.302    0.310    0.350    0.433    0.352    0.364
 2018    0.173    0.062    0.132    0.064   -0.001   -0.011    0.018  -99.990  -99.990  -99.990  -99.990  -99.990
  -99.99
  AMO unsmoothed from the Kaplan SST V2
  Calculated at NOAA/ESRL/PSD1
  http://www.esrl.noaa.gov/psd/data/timeseries/AMO/
